@-	 0 525 1441 2340   525 1441 2340
a	 1 856 1320 2700   856 1320 2700
a	 0 904 1320 2700   896 1340 2660
e	 0 584 1820 2560   584 1820 2560
i	 0 360 2120 2680   360 2120 2660
o	 0 566  890 2641   566  890 2641
u	 0 344  800 2360   344  800 2360
r-	 0 648 1200 2300   640 1200 2260
l-	 0 352 1240 3020   352 1200 3020
i:	 0 272 2247 3100   288 2247 3100
e:	 0 584 1820 2560   584 1820 2560
a:	 0 784 1180 2680   776 1200 2680
o:	 0 512  860 2648   512  860 2648
u:	 0 320  860 2360   320  860 2460
aU	 0 847 1383 2510   360  800 2360
eU	 0 460 1929 2512   327  947 2367
oU	 0 584  940 2580   360  800 2140
eI	 0 608 1800 2529   408 1960 2600
