@	 1 584 1440 2460   600 1440 2460
@	 1 695 1316 2500   695 1316 2500
@	 0 544 1220 2520   544 1260 2520
@-	 0 525 1441 2340   525 1441 2340
a	 0 760 1420 2600   736 1380 2540
e	 0 456 1980 2540   440 1980 2540
i	 0 296 2220 2880   288 2260 2900
o	 0 488  900 2520   488  920 2520
u	 0 320  940 2360   320  900 2360
m-	 1 512 1300 2340   472 1100 2130
m-	 0 512 1300 2340   370 1040 2300
n-	 1 496 1512 2380   480 1500 2540
n-	 0 496 1512 2380   380 1780 2540
N-	 0 504 1824 2548   490 2100 2540
r-	 0 648 1200 2300   640 1200 2260
l-	 0 352 1240 3020   352 1200 3020
V	 1 695 1316 2500   695 1316 2500
V	 1 584 1440 2460   600 1440 2460
V	 1 672 1180 2595   672 1180 2595
V	 0 695 1316 2500   695 1316 2500
@3	 0 528 1500 2380   528 1500 2380
@2	 0 584 1440 2460   600 1440 2460
i:	 0 280 2280 2840   240 2339 2840
I	 0 360 2120 2680   360 2120 2660
e:	 0 456 1980 2540   440 1980 2540
E:	 0 656 1740 2500   504 1900 2620
E	 0 584 1820 2560   584 1820 2560
&:	 0 736 1540 2500   752 1540 2500
a:	 0 760 1420 2600   736 1380 2540
o:	 0 488  900 2520   488  920 2520
O:	 0 584  940 2580   584  940 2580
O	 0 670  946 2620   630  902 2700
U	 0 368  880 2440   368  900 2440
u:	 0 320  940 2360   320  900 2360
i~	 0 312 2240 2844   312 2240 2844
I~	 0 408 1920 2540   416 1900 2580
e~	 0 456 1960 2520   456 1960 2520
E~	 0 670 1719 2556   710 1672 2671
a~	 0 724 1200 2652   724 1200 2652
V~	 0 612 1232 2620   612 1240 2620
O~	 0 540  896 2632   512  900 2620
o~	 0 448  840 2598   448  840 2598
U~	 0 328  900 2360   328  900 2360
u~	 0 328  900 2360   328  900 2360
aI	 0 904 1320 2700   304 2360 2980
aU	 0 724 1130 2760   472  780 2500
