a	 0 712 1160 2780   696 1160 2780
e	 0 504 1700 2480   504 1700 2480
i	 0 320 2255 3030   320 2255 3030
o	 0 488  900 2520   488  920 2520
u	 0 320  820 2360   320  820 2360
a:	 0 688 1064 2806   672 1100 2806
A1	 0 728 1200 2660   712 1200 2660
e:	 0 452 1880 2520   452 1880 2520
E1	 0 592 1580 2480   592 1580 2460
i:	 0 264 2340 2880   240 2339 2860
I1	 0 360 2120 2680   360 2120 2660
i1	 0 336 1440 2460   336 1440 2460
o:	 0 454  812 2559   432  824 2520
O1	 0 584  940 2580   584  940 2580
u:	 0 296  740 2400   296  740 2400
U1	 0 360  860 2360   360  860 2360
8	 0 448 1220 2260   448 1220 2260
8:	 0 464 1140 2640   464 1140 2640
&	 0 736 1540 2500   752 1540 2500
&:	 0 736 1540 2500   752 1540 2500
Y	 0 448 1520 2420   463 1520 2400
Y:	 0 448 1520 2420   463 1520 2400
y	 0 280 1720 2340   280 1720 2340
y:	 0 280 1720 2340   280 1720 2340
&i	 0 744 1540 2500   328 2280 2720
Yi	 0 536 1420 2420   355 2222 2720
yi	 0 280 1720 2320   296 2280 2780
