@	 1 536 1416 2320   584 1400 2000
@	 1 536 1416 2320   584 1400 2000
@	 1 536 1416 2320   584 1400 2000
@	 1 536 1416 2320   584 1400 2000
@	 0 536 1420 2420   536 1420 2420
a	 0 841 1409 2550   841 1409 2550
e	 0 456 1980 2540   440 1980 2540
i	 0 376 1970 2585   376 1970 2585
o	 0 552  860 2660   552  880 2660
u	 0 320  860 2360   320  860 2460
i:	 0 280 2280 2840   240 2339 2840
I	 0 408 1940 2600   408 1940 2600
e:	 0 456 1980 2540   440 1980 2540
@/	 0 525 1441 2340   525 1441 2340
a#	 0 658 1408 2460   658 1408 2460
E	 0 584 1820 2560   584 1820 2560
O	 0 672 1180 2595   672 1180 2595
U	 0 445  902 2620   445  902 2620
u1	 0 320  860 2360   320  860 2460
0	 0 728 1200 2660   712 1200 2660
o:	 0 454  812 2559   432  824 2520
A:	 0 775 1067 2800   795 1122 2580
u:	 0 320  740 2400   320  740 2400
@U	 0 584 1400 2460   348  800 2294
i@	 0 320 2220 2800   528 1520 2360
u@	 0 320  860 2360   520 1382 2342
aI	 0 912 1320 2740   360 2200 2820
aU	 0 847 1383 2510   360  800 2360
aU#	 0 847 1383 2510   360  800 2360
eI	 0 680 1800 2440   355 2222 2720
