a	 1 760 1420 2600   736 1380 2540
a	 0 896 1440 2710   896 1440 2710
e	 0 456 1980 2540   440 1980 2540
i	 0 280 2280 2840   240 2339 2840
o	 0 454  812 2559   432  824 2520
u	 0 320  740 2400   320  740 2400
E	 0 720 1760 2420   672 1562 2520
O	 0 670  946 2620   630  902 2700
y	 0 305 1700 2340   305 1700 2340
aU	 0 847 1383 2510   360  800 2360
eU	 0 460 1929 2512   327  947 2367
aI	 0 912 1320 2740   360 2200 2820
EI	 0 680 1800 2440   355 2222 2720
oI	 0 469  864 2440   310 2040 2440
EU	 0 645 1705 2520   390  957 2140
OI	 0 670  946 2620   310 2002 2300
OU	 0 584  940 2580   360  800 2140
yI	 0 280 1720 2320   296 2280 2780
