a	 0 904 1320 2700   896 1340 2660
e	 0 456 1980 2540   440 1980 2540
i	 0 312 2300 2820   304 2300 2820
o	 0 488  900 2520   488  920 2520
u	 0 368  880 2440   368  900 2440
A	 0 656 1000 2620   630  960 2700
E	 0 584 1820 2560   584 1820 2560
Y	 0 480 1560 2420   516 1520 2340
y	 0 305 1700 2340   305 1700 2340
i:	 0 280 2280 2840   240 2339 2840
e:	 0 374 2240 2860   374 2240 2860
a:	 0 904 1320 2700   896 1340 2660
o:	 0 424  800 2580   408  780 2600
u:	 0 320  740 2400   320  740 2400
y:	 0 280 1720 2340   280 1720 2340
Y:	 0 448 1520 2420   463 1520 2400
