@	 0 525 1441 2340   525 1441 2340
@-	 0 525 1441 2340   525 1441 2340
a	 0 904 1320 2700   896 1340 2660
e	 0 416 2140 2660   416 2140 2660
i	 0 280 2280 2840   240 2339 2840
o	 0 454  812 2559   432  824 2520
u	 0 320  740 2400   320  740 2400
a/	 1 800 1320 2637   800 1320 2637
a/	 0 834 1220 2690   834 1220 2690
E	 0 584 1820 2560   584 1820 2560
O	 0 584  940 2580   584  940 2580
U	 0 320  740 2400   320  740 2400
y	 0 280 1720 2340   280 1720 2340
aU	 0 784 1320 2620   496  900 2620
eU	 0 460 1929 2512   327  947 2367
aI	 0 912 1320 2740   360 2200 2820
eI	 0 464 1980 2520   328 2280 2720
EI	 0 680 1800 2440   355 2222 2720
oI	 0 469  864 2440   310 2040 2440
uI	 0 321  965 2377   328 2160 2720
e/	 1 504 1900 2540   504 1900 2540
e/	 0 456 1980 2540   440 1980 2540
I	 0 312 2300 2820   304 2300 2820
o/	 1 512  860 2648   512  860 2648
o/	 0 454  812 2559   432  824 2520
