a	 0 657 1100 2703   657 1120 2703
e	 0 374 2240 2860   374 2240 2860
i	 0 296 2220 2880   288 2260 2900
o	 0 449  857 2500   449  857 2500
u	 0 320  940 2360   320  900 2360
E	 0 680 1660 2520   680 1660 2520
U	 0 400 1240 2200   400 1240 2200
y	 0 280 1980 2340   280 1980 2340
eU	 0 660 1562 2360   340  990 2360
eI	 0 608 1800 2529   408 1960 2600
I	 1 384 2030 2610   384 2030 2610
I	 0 448 1660 2528   448 1660 2528
E#	 0 645 1705 2520   645 1705 2520
8	 0 564 1160 2720   564 1160 2720
V	 0 654 1274 2586   654 1274 2586
