@-	 0 525 1441 2340   525 1441 2340
a	 0 834 1220 2690   834 1220 2690
E	 0 720 1760 2420   672 1562 2520
I	 0 336 2210 2800   336 2210 2760
O	 0 454  812 2559   432  824 2520
U	 0 320  860 2360   320  860 2460
a:	 0 784 1180 2680   776 1200 2680
e:	 0 456 1980 2540   440 1980 2540
i:	 0 280 2255 3030   264 2255 3030
o:	 0 424  800 2580   408  780 2600
u:	 0 320  820 2360   320  820 2360
y	 0 280 1720 2340   280 1720 2340
y:	 0 272 1820 2280   272 1800 2260
aU	 0 724 1130 2760   472  780 2500
aI	 0 860 1472 2662   544 1862 2529
eI	 0 464 1980 2520   328 2280 2720
EU	 0 547 1840 2536   376  980 2360
OI	 0 469  864 2440   310 2040 2440
