@	 0 525 1441 2340   525 1441 2340
@-	 0 525 1441 2340   525 1441 2340
a	 0 728 1300 2595   736 1300 2595
e	 0 504 1900 2540   504 1900 2540
i	 0 280 2280 2840   240 2339 2840
o	 0 630  920 2627   616  940 2627
u	 0 360  860 2360   360  860 2360
m-	 1 512 1300 2340   472 1100 2130
m-	 0 512 1300 2340   370 1040 2300
n-	 1 496 1512 2380   480 1500 2540
n-	 0 496 1512 2380   380 1780 2540
N-	 0 504 1824 2548   490 2100 2540
r-	 0 648 1200 2300   640 1200 2260
l-	 0 352 1240 3020   352 1200 3020
U	 0 388  940 2420   394  980 2360
E	 0 720 1760 2420   672 1562 2520
