@	 0 525 1441 2340   525 1441 2340
@-	 0 525 1441 2340   525 1441 2340
a	 0 896 1440 2710   896 1440 2710
e	 0 456 1980 2540   440 1980 2540
i	 0 280 2280 2840   240 2339 2840
o	 0 454  812 2559   432  824 2520
u	 0 320  940 2360   320  900 2360
E	 0 584 1820 2560   584 1820 2560
O	 0 630  920 2627   616  940 2627
U	 0 320  940 2360   320  900 2360
y	 0 376 1515 2460   376 1515 2460
aU	 0 847 1383 2510   360  800 2360
eU	 0 460 1929 2512   327  947 2367
iU	 0 280 2280 2820   328  957 2140
aI	 0 912 1320 2740   360 2200 2820
eI	 0 464 1980 2520   328 2280 2720
EI	 0 680 1800 2440   355 2222 2720
oI	 0 469  864 2440   310 2040 2440
uI	 0 321  965 2377   328 2160 2720
I	 0 312 2213 2775   312 2213 2775
i~	 0 296 2280 2820   240 2398 2820
o~	 0 448  840 2598   448  840 2598
u~	 0 328  900 2360   328  900 2360
&~	 0 670 1719 2556   710 1672 2671
&U~	 0 658 1408 2460   392  520 2580
&	 0 658 1408 2460   658 1408 2460
&/	 0 658 1408 2460   658 1408 2460
A	 0 896 1440 2710   896 1440 2710
i/	 0 376 1515 2460   376 1515 2460
OI	 0 670  946 2620   310 2002 2300
EU	 0 547 1840 2536   376  980 2360
