@	 0 500 1412 2320   500 1412 2340
a	 1 658 1408 2460   658 1408 2460
a	 0 784 1180 2680   776 1200 2680
e	 1 504 1900 2540   504 1900 2540
e	 0 456 1980 2540   440 1980 2540
i	 1 448 1660 2528   448 1660 2528
i	 1 376 1970 2585   376 1970 2585
i	 0 264 2340 2880   240 2339 2860
u	 0 320  740 2400   320  740 2400
@/	 0 500 1412 2320   500 1412 2340
V	 1 496 1312 2408   496 1312 2408
V	 0 500 1412 2320   500 1412 2340
I#	 0 384 2030 2610   384 2030 2610
a/	 0 658 1408 2460   658 1408 2460
A	 1 658 1408 2460   658 1408 2460
A	 0 664 1040 2800   648 1060 2840
E	 0 592 1700 2505   592 1700 2505
E#	 0 592 1580 2480   592 1580 2460
I	 0 312 2213 2775   312 2213 2775
y	 0 280 1720 2340   280 1720 2340
O	 1 512  860 2648   512  860 2648
O	 0 536  920 2600   536  920 2600
aI	 0 752 1140 2820   424 2000 2500
eI	 0 536 1800 2540   381 2100 2708
OI	 0 552  940 2656   400 1805 2592
yE	 0 280 1720 2340   584 1820 2560
