@	 0 456 1460 2426   456 1460 2426
a	 0 904 1320 2700   896 1340 2660
e	 0 456 1980 2540   440 1980 2540
i	 0 296 2220 2880   288 2260 2900
o	 0 512  860 2648   512  860 2648
u	 0 320  740 2400   320  740 2400
r-	 0 648 1200 2300   640 1200 2260
l-	 0 352 1240 3020   352 1200 3020
E	 0 584 1820 2560   584 1820 2560
O	 0 536  920 2600   536  920 2600
i:	 0 272 2247 3100   288 2247 3100
&	 0 760 1420 2600   736 1380 2540
e:	 0 584 1820 2560   584 1820 2560
a:	 0 904 1320 2700   896 1340 2660
o:	 0 512  860 2648   512  860 2648
u:	 0 320  740 2400   320  740 2400
aU	 0 847 1383 2510   360  800 2360
oU	 0 496  900 2520   360  800 2140
aI	 0 912 1320 2740   360 2200 2820
@2	 0 512 1620 2560   512 1620 2560
A	 0 904 1320 2700   896 1340 2660
I	 0 312 2213 2775   312 2213 2775
U	 0 344  800 2360   344  800 2360
