@	 0 654 1274 2586   654 1274 2586
a	 0 904 1320 2700   896 1340 2660
e	 0 456 1980 2540   440 1980 2540
i	 1 336 2210 2800   336 2210 2760
i	 0 296 2220 2880   288 2260 2900
o	 0 454  812 2559   432  824 2520
u	 0 320  940 2360   320  900 2360
V	 0 695 1316 2500   695 1316 2500
i:	 0 280 2280 2840   240 2339 2840
I	 0 360 2120 2680   360 2120 2660
e:	 0 456 1980 2540   440 1980 2540
E	 0 584 1820 2560   584 1820 2560
a:	 0 834 1220 2690   834 1220 2690
o:	 0 454  812 2559   432  824 2520
U	 0 349 1700 2290   349 1700 2290
u:	 0 320  940 2360   320  900 2360
aI	 0 904 1320 2700   304 2360 2980
aU	 0 830 1364 2440   488  900 2240
u2	 0 320  940 2360   320  900 2360
U:	 0 349 1700 2290   349 1700 2290
