@	 0 448 1280 2400   448 1280 2400
a	 1 728 1300 2595   736 1300 2595
a	 0 800 1240 2720   781 1280 2680
e	 0 504 1900 2540   504 1900 2540
i	 0 296 2220 2880   288 2260 2900
o	 0 488  900 2520   488  920 2520
u	 0 344  800 2360   344  800 2360
E	 0 584 1820 2560   584 1820 2560
O	 0 552  860 2660   552  880 2660
U	 0 388  940 2420   394  980 2360
y	 0 280 1980 2340   280 1980 2340
Y	 0 392 1700 2240   392 1700 2240
I	 0 336 2210 2800   336 2210 2760
&	 0 680 1660 2520   680 1660 2520
W	 0 448 1520 2420   463 1520 2400
