@	 0 525 1441 2340   525 1441 2340
@-	 0 525 1441 2340   525 1441 2340
e	 0 448 1660 2528   448 1660 2528
i	 0 280 2280 2840   240 2339 2840
o	 0 488  900 2520   488  920 2520
u	 0 320  860 2360   320  860 2460
m-	 1 512 1300 2340   472 1100 2130
m-	 0 512 1300 2340   370 1040 2300
n-	 1 496 1512 2380   480 1500 2540
n-	 0 496 1512 2380   380 1780 2540
N-	 0 504 1824 2548   490 2100 2540
r-	 0 648 1200 2300   640 1200 2260
l-	 0 352 1240 3020   352 1200 3020
y	 0 280 1720 2340   280 1720 2340
W	 0 525 1320 2200   525 1320 2200
V	 0 500 1412 2320   500 1412 2340
&	 0 647 1778 2530   647 1778 2530
A	 0 728 1200 2660   712 1200 2660
0	 0 656 1000 2620   630  960 2700
e:	 0 436 2076 2604   436 2076 2604
I	 0 384 2030 2610   384 2030 2610
