@	 1 584 1440 2460   600 1440 2460
@	 0 544 1220 2520   544 1260 2520
a	 0 658 1408 2460   658 1408 2460
e	 0 416 2140 2660   416 2140 2660
i	 0 312 2213 2775   312 2213 2775
u	 0 320  860 2360   320  860 2460
@3	 0 528 1500 2380   528 1500 2380
@2	 0 584 1440 2460   600 1440 2460
i:	 0 304 2440 3020   304 2440 3020
I	 0 360 2120 2680   360 2120 2660
e:	 0 416 2140 2660   416 2140 2660
E	 0 584 1820 2560   584 1820 2560
a:	 1 834 1220 2690   834 1220 2690
a:	 0 712 1160 2780   696 1160 2780
o:	 0 424  800 2580   408  780 2600
O	 0 670  946 2620   630  902 2700
U	 0 368  880 2440   368  900 2440
u:	 0 320  740 2400   320  740 2400
aI	 0 744 1540 2500   328 2280 2720
aU	 0 724 1130 2760   472  780 2500
