@	 0 525 1441 2340   525 1441 2340
@-	 0 525 1441 2340   525 1441 2340
a	 0 760 1420 2600   736 1380 2540
e	 0 456 1980 2540   440 1980 2540
i	 0 312 2213 2775   312 2213 2775
o	 0 454  812 2559   432  824 2520
u	 0 344  800 2360   344  800 2360
m-	 1 512 1300 2340   472 1100 2130
m-	 0 512 1300 2340   370 1040 2300
n-	 1 496 1512 2380   480 1500 2540
n-	 0 496 1512 2380   380 1780 2540
N-	 0 504 1824 2548   490 2100 2540
r-	 0 648 1200 2300   640 1200 2260
l-	 0 352 1240 3020   352 1200 3020
@:	 0 525 1441 2340   525 1441 2340
i:	 0 280 2280 2840   240 2339 2840
e:	 0 456 1980 2540   440 1980 2540
E	 0 646 1780 2500   646 1780 2500
E:	 0 646 1780 2500   646 1780 2500
a:	 0 872 1280 2660   872 1280 2620
O	 0 552  860 2660   552  880 2660
O:	 0 552  860 2660   552  880 2660
o:	 0 454  812 2559   432  824 2520
u:	 0 320  860 2360   320  860 2460
