a	 0 658 1408 2460   658 1408 2460
e	 0 720 1760 2420   672 1562 2520
i	 1 384 2030 2610   384 2030 2610
i	 0 280 2280 2840   240 2339 2840
o	 0 552  860 2660   552  880 2660
u	 1 368  880 2440   368  900 2440
u	 0 320  740 2400   320  740 2400
aa	 0 688 1064 2806   672 1100 2806
aai	 0 752 1140 2820   424 2000 2500
aau	 0 724 1130 2760   472  780 2500
ang	 0 637 1416 2431   328  720 2960
aang	 0 688 1064 2806   328  720 2960
ai	 0 649 1485 2430   355 2222 2720
au	 0 736 1460 2500   456  920 2240
ei	 0 464 1980 2520   328 2280 2720
eng	 0 713 1733 2404   328  720 2960
eu	 0 645 1705 2520   390  957 2140
ing	 0 392 2022 2608   352 1740 2500
iu	 0 280 2280 2820   328  957 2140
ng	 0 314 1317 2700   328  720 2960
oeng	 0 449 1512 2393   328  720 2960
oi	 0 545  780 2720   310 2002 2500
ou	 0 516  860 2648   312  860 2360
ong	 0 568  900 2860   328  720 2960
ung	 0 568  900 2860   328  720 2960
ui	 0 321  965 2377   328 2160 2720
oe	 0 448 1520 2420   463 1520 2400
eo	 0 488 1160 2540   488 1160 2540
eoi	 0 496 1220 2340   296 2020 2400
yu	 0 280 1720 2340   280 1720 2340
