@	 536 1420 2420   536 1420 2420
@-	 525 1441 2340   525 1441 2340
a	 659 1278 2583   659 1278 2583
E	 504 1900 2544   496 1920 2552
I	 527 1461 2480   527 1461 2480
O	 552  780 2760   552  780 2760
W	 525 1320 2200   525 1320 2200
u	 352 1000 2240   352 1000 2200
&	 735 1760 2420   675 1738 2420
@L	 485  891 2780   450  792 2980
A:	 664 1040 2800   648 1060 2840
e@	 264 2180 3040   488 1700 2600
i	 272 2247 3100   288 2247 3100
o@	 336 1060 2360   480 1480 2500
y	 328 2100 2580   304 2160 2640
iu	 280 2180 3040   272  900 2300
@U	 620 1245 2298   376  880 2280
aI	 768 1200 2820   312 2240 2940
AI	 664 1040 2800   312 2240 2940
eI	 640 1562 2400   355 2222 2720
OI	 504  780 2660   328 2140 2780
oI	 336 1040 2360   304 2360 2680
uI	 352  960 2240   296 2247 3100
Yy	 496 1220 2340   296 2020 2400
Y@	 296 1980 2480   480 1580 2420
aU	 830 1364 2440   488  900 2240
e:	 464 1980 2520   464 1980 2520
O:	 512  860 2648   512  860 2648
3:	 480 1408 2320   545 1419 2320
A~	 600 1060 2640   600 1060 2640
e~	 456 2000 2520   456 2000 2520
o~	 392  700 2720   392  700 2720
