@	 1 584 1440 2460   600 1440 2460
@	 1 695 1316 2500   695 1316 2500
@	 0 544 1220 2520   544 1260 2520
a	 0 784 1180 2680   776 1200 2680
e	 0 456 1980 2540   440 1980 2540
i	 0 296 2220 2880   288 2260 2900
o	 0 454  812 2559   432  824 2520
u	 0 320  860 2360   320  860 2460
i:	 0 304 2440 3020   304 2440 3020
I	 0 360 2120 2680   360 2120 2660
a:	 1 834 1220 2690   834 1220 2690
a:	 0 712 1160 2780   696 1160 2780
o:	 0 424  800 2580   408  780 2600
O	 0 536  920 2600   536  920 2600
i~	 0 312 2240 2844   312 2240 2844
e~	 0 456 1960 2520   456 1960 2520
a~	 0 724 1200 2652   724 1200 2652
O~	 0 540  896 2632   512  900 2620
o~	 0 448  840 2598   448  840 2598
u~	 0 328  900 2360   328  900 2360
&	 0 708 1640 2510   708 1640 2510
