a	 1 728 1300 2595   736 1300 2595
a	 0 784 1180 2680   776 1200 2680
e	 0 456 1980 2540   440 1980 2540
i	 0 296 2220 2880   288 2260 2900
o	 0 454  812 2559   432  824 2520
u	 0 320  860 2360   320  860 2460
r-	 0 648 1200 2300   640 1200 2260
l-	 0 352 1240 3020   352 1200 3020
i:	 0 304 2440 3020   304 2440 3020
I	 0 360 2120 2680   360 2120 2660
a:	 1 834 1220 2690   834 1220 2690
a:	 0 712 1160 2780   696 1160 2780
o:	 0 424  800 2580   408  780 2600
O:	 0 584  940 2580   584  940 2580
O	 0 536  920 2600   536  920 2600
U	 0 368  880 2440   368  900 2440
u:	 0 320  740 2400   320  740 2400
i~	 0 312 2240 2844   312 2240 2844
e~	 0 456 1960 2520   456 1960 2520
a~	 0 724 1200 2652   724 1200 2652
O~	 0 540  896 2632   512  900 2620
o~	 0 448  840 2598   448  840 2598
u~	 0 328  900 2360   328  900 2360
&	 0 708 1640 2510   708 1640 2510
