@	 0 528 1500 2380   528 1500 2380
@-	 0 525 1441 2340   525 1441 2340
a	 0 896 1440 2710   896 1440 2710
e	 0 456 1980 2540   440 1980 2540
i	 0 312 2300 2820   304 2300 2820
o	 0 424  800 2580   408  780 2600
u	 0 320  740 2400   320  740 2400
3	 0 658 1408 2460   658 1408 2460
E	 0 504 1900 2544   496 1920 2552
&	 0 645 1705 2520   645 1705 2520
&#	 0 736 1540 2500   752 1540 2500
A	 0 784 1180 2680   776 1200 2680
O	 0 480  760 2710   480  760 2710
V	 0 672 1180 2595   672 1180 2595
0	 0 566  890 2641   566  890 2641
y	 0 280 1720 2340   280 1720 2340
Y	 0 353 1860 2438   353 1860 2438
W	 0 525 1320 2200   525 1320 2200
W#	 0 612 1232 2620   612 1240 2620
aI	 0 912 1320 2740   360 2200 2820
