@	 525 1441 2340   525 1441 2340
@-	 525 1441 2340   525 1441 2340
3	 595 1388 2420   595 1388 2300
a	 925 1320 2700   896 1340 2660
E	 647 1778 2530   647 1778 2530
E2	 647 1778 2530   647 1778 2530
I	 408 1940 2540   408 1940 2540
I:	 408 1940 2540   408 1940 2540
O	 552  860 2660   552  860 2660
U	 400  940 2340   394  980 2360
A:	 800 1240 2720   781 1280 2580
i:	 280 2247 3100   280 2220 3040
u:	 352 1020 2240   344  980 2200
aU	 724 1130 2760   472  780 2500
aI	 925 1320 2700   355 2222 2720
OI	 469  864 2440   310 2040 2440
E:	 720 1760 2420   672 1562 2520
e:	 464 1980 2520   464 1980 2520
o:	 454  812 2559   432  824 2520
y:	 280 1720 2340   280 1720 2340
y	 305 1692 2340   305 1692 2340
Y:	 448 1520 2420   463 1520 2400
W	 525 1320 2200   525 1320 2200
