@	 525 1441 2340   525 1441 2340
@-	 525 1441 2340   525 1441 2340
a	 896 1440 2720   880 1440 2700
a/	 773 1420 2600   738 1360 2540
e	 589 1791 2529   589 1791 2529
E	 735 1760 2420   675 1738 2420
i	 280 2280 2820   200 2398 2820
o	 512  860 2648   512  860 2648
O	 670  946 2620   630  902 2700
U	 400  940 2340   394  980 2360
u	 352 1020 2240   344  980 2200
aU	 830 1364 2440   488  900 2240
eU	 645 1705 2520   390  957 2140
aI	 848 1260 2820   440 1969 2500
eI	 755 1683 2460   355 2222 2720
OI	 469  864 2440   310 2040 2440
uI	 352 1020 2240   343 1911 2586
