@	 0 528 1500 2380   528 1500 2380
@-	 0 525 1441 2340   525 1441 2340
a	 0 784 1180 2680   776 1200 2680
e	 0 456 1980 2540   440 1980 2540
i	 0 520 2000 2540   520 2000 2540
o	 0 552  860 2660   552  880 2660
u	 0 320  860 2360   320  860 2460
n-	 1 496 1512 2380   480 1500 2540
n-	 0 496 1512 2380   380 1780 2540
3	 1 648 1180 2595   640 1140 2460
3	 0 612 1232 2620   612 1240 2620
U	 0 407 1500 2160   392 1500 2160
@L	 0 560  900 2780   450  792 2980
a#	 0 760 1420 2600   736 1380 2540
aa	 0 784 1180 2680   776 1200 2680
A:	 1 752 1190 2640   688 1320 2480
A:	 0 784 1180 2680   776 1200 2680
E	 0 518 1920 2540   581 1810 2540
I	 1 528 1500 2380   528 1500 2380
I	 0 504 1700 2480   504 1700 2480
0	 0 566  890 2641   566  890 2641
V	 0 672 1180 2595   672 1180 2595
A@	 0 752 1190 2640   688 1320 2480
3:	 0 464 1980 2520   640 1140 2460
i:	 0 328 2380 2940   280 2440 2980
O:	 1 468  840 2660   520 1160 1900
O:	 0 552  860 2660   552  880 2660
O	 0 656 1000 2620   630  960 2700
O@	 0 552  880 2660   552 1080 2560
o@	 0 552  880 2660   552 1080 2560
u:	 1 407 1500 2160   392 1500 2160
u:	 0 392 1700 2240   392 1700 2240
aU	 0 698 1320 2484   280 1600 2340
oU	 0 412  760 2680   412  760 2680
aI	 1 892 1340 2684   552 1800 2480
aI	 0 760 1200 2680   352 2280 2780
eI	 0 416 2140 2660   416 2140 2660
OI	 0 624  980 2620   328 2127 2940
e@	 0 464 1980 2520   658 1408 2460
i@	 0 368 2156 2720   528 1595 2460
i@3	 0 384 2030 2620   506 1460 1820
U@	 0 344 1740 2240   592 1220 2400
aI@	 0 892 1340 2684   552 1800 2480
aU@	 0 904 1480 2670   705 1344 2320
IR	 0 544 1340 2460   616 1190 2450
VR	 0 648 1180 2595   640 1140 2460
o:	 0 454  812 2559   432  824 2520
A~	 0 592 1000 2640   592 1000 2640
O~	 0 540  896 2632   512  900 2620
e:	 0 456 1980 2540   440 1980 2540
a/	 0 784 1180 2680   776 1200 2680
aI2	 0 760 1200 2680   352 2280 2780
