@	 525 1441 2340   525 1441 2340
@-	 525 1441 2340   525 1441 2340
i:	 280 2280 2820   200 2398 2820
I@	 328 2190 2770   515 1520 2360
i@	 328 2190 2770   515 1520 2360
@2	 525 1441 2340   525 1441 2340
I2	 440 1837 2520   440 1837 2520
@5	 525 1441 2340   525 1441 2340
U	 320  900 2360   320  900 2360
@L	 485  891 2780   450  792 2980
a	 925 1320 2700   896 1340 2660
a2	 658 1408 2460   658 1408 2460
E	 680 1660 2520   680 1660 2520
I	 440 1837 2520   440 1837 2520
i	 440 1837 2520   440 1837 2520
0	 630  924 2627   630  924 2627
V	 477  968 2620   477  968 2620
A:	 915 1243 2620   895 1276 2340
aa	 925 1320 2700   896 1340 2660
3:	 525 1320 2200   529 1340 2140
O:	 512  860 2648   512  860 2648
O@	 575  891 2640   580 1023 2480
O	 465  836 2660   530 1001 2620
u:	 384 1800 2320   344 1660 2300
aU	 660 1562 2360   340  990 2360
oU	 464  820 2559   440  820 2600
aI	 860 1360 2660   488 1840 2440
eI	 464 1980 2520   464 1980 2520
OI	 545  780 2780   310 2002 2300
e@	 720 1760 2420   672 1562 2520
U@	 430  960 2340   590 1287 2260
aI@	 860 1133 2820   640 1518 2400
aU@	 945 1485 2620   705 1342 2300
E:	 720 1760 2420   672 1562 2520
e:	 464 1980 2520   464 1980 2520
o:	 454  812 2559   432  824 2520
eU	 460 1929 2512   327  947 2367
uI	 321  965 2377   328 2160 2720
A~	 592 1000 2640   592 1000 2640
E~	 672 1660 2624   672 1660 2624
O~	 512  880 2624   512  880 2620
W~	 694 1360 2624   694 1360 2624
y:	 280 1720 2340   280 1720 2340
y	 280 1720 2340   280 1720 2340
Y:	 448 1520 2420   463 1520 2400
W	 525 1320 2200   525 1320 2200
u-	 352 1674 2372   336 1674 2372
o-	 496 1160 2440   496 1200 2440
i"	 300 2020 2597   300 2020 2597
