@	 525 1441 2340   525 1441 2340
@-	 525 1441 2340   525 1441 2340
i:	 280 2280 2820   200 2398 2820
I@	 416 2068 2720   653 1430 2328
i@	 416 2068 2720   653 1430 2328
@2	 584 1427 2393   584 1427 2393
I2	 416 1920 2520   432 1900 2520
@5	 584 1427 2393   584 1427 2393
U	 464 1000 2480   464 1000 2480
@L	 485  891 2780   450  792 2980
a	 744 1480 2500   736 1500 2500
a2	 525 1441 2340   525 1441 2340
E	 589 1791 2529   589 1791 2529
I	 416 1920 2520   432 1900 2520
i	 416 1949 2550   416 1949 2550
0	 656 1000 2620   630  960 2700
V	 686 1285 2595   686 1285 2595
A:	 648 1108 2880   632 1140 2880
aa	 648 1108 2880   632 1140 2880
3:	 536 1408 2320   545 1419 2320
O:	 512  860 2648   512  860 2648
O@	 512  860 2648   512  860 2648
O	 465  836 2660   530 1001 2620
u:	 360 1420 2260   290 1023 2220
aU	 912 1420 2440   536  940 2300
oU	 568 1620 2340   376 1255 2243
aI	 925 1342 2700   440 1969 2500
eI	 608 1800 2529   408 1960 2520
OI	 545  780 2780   310 2002 2300
e@	 688 1820 2440   735 1562 2540
U@	 432  840 2620   440  860 2680
aI@	 860 1133 2820   640 1518 2400
aU@	 945 1485 2620   705 1220 2300
E:	 735 1760 2420   735 1562 2520
e:	 464 1980 2520   464 1980 2520
o:	 454  812 2559   432  824 2520
eU	 645 1705 2520   390  957 2140
uI	 352 1020 2240   343 1911 2586
a~	 856 1080 3240   856 1080 3240
E~	 925 1342 2700   925 1342 2700
O~	 672  933 2624   688  940 2620
W~	 640 1480 2540   640 1480 2540
y:	 280 1720 2340   280 1720 2340
y	 280 1720 2340   280 1720 2340
Y:	 448 1520 2420   463 1520 2400
W	 416 1580 2160   416 1580 2160
u-	 352 1674 2372   336 1674 2372
o-	 521 1160 2600   520 1184 2540
i"	 302 2113 2597   312 2092 2620
