@	 528 1500 2380   528 1500 2380
@-	 525 1441 2340   525 1441 2340
i:	 328 2380 2940   280 2440 2980
i@	 384 2030 2610   520 1460 1900
3	 605 1232 2620   605 1276 2620
@2	 528 1500 2380   528 1500 2380
I2	 504 1700 2560   504 1700 2560
@5	 528 1500 2380   528 1500 2380
U	 407 1500 2160   392 1500 2160
@L	 560  900 2780   450  792 2980
a	 784 1180 2680   768 1220 2680
a2	 760 1420 2600   736 1380 2540
aa	 784 1180 2680   768 1220 2680
E	 518 1920 2540   581 1810 2540
I	 504 1700 2560   504 1700 2560
i	 520 2000 2540   520 2000 2540
0	 566  890 2641   566  890 2641
V	 664 1180 2595   664 1180 2595
A:	 784 1180 2680   768 1220 2680
A@	 752 1190 2640   688 1320 2480
3:	 464 1980 2520   658 1408 2460
O:	 552  860 2660   552  860 2660
O@	 552  880 2660   552 1080 2560
o@	 424  780 2680   504  940 1820
O	 656 1000 2620   630  960 2700
u:	 392 1700 2240   392 1700 2240
aU	 698 1320 2484   280 1600 2340
oU	 412  760 2660   400  760 2740
aI	 760 1200 2680   352 2280 2780
eI	 416 2140 2660   416 2140 2660
OI	 624  980 2620   328 2127 2940
e@	 464 1980 2520   658 1408 2460
U@	 344 1740 2240   592 1220 2400
aI@	 892 1340 2684   552 1800 2480
aU@	 945 1485 2620   705 1342 2300
e:	 464 1980 2520   464 1980 2520
o:	 454  812 2559   432  824 2520
eU	 460 1929 2512   327  947 2367
uI	 321  965 2377   328 2160 2720
IR	 544 1340 2460   616 1190 2450
VR	 648 1180 2595   640 1140 2460
A~	 640 1120 2640   640 1120 2640
E~	 672 1660 2624   672 1660 2624
O~	 480  839 2760   480  839 2780
W~	 694 1360 2624   694 1360 2624
y:	 280 1720 2340   280 1720 2340
Y:	 448 1520 2420   463 1520 2400
W	 525 1320 2200   525 1320 2200
u-	 392 1700 2240   392 1700 2240
a/	 784 1180 2680   768 1220 2680
aI2	 760 1200 2680   352 2280 2780
