@	 525 1441 2340   525 1441 2340
@-	 525 1441 2340   525 1441 2340
i:	 296 2220 2820   200 2398 2820
i@	 384 2030 2610   520 1460 1900
3	 504 1380 1800   504 1360 1700
@2	 525 1441 2340   525 1441 2340
I2	 386 2029 2605   440 1801 2502
@5	 525 1441 2340   525 1441 2340
U	 496 1040 2560   496 1040 2560
@L	 485  891 2780   450  792 2980
a	 856 1540 2690   680 1503 2520
a2	 658 1408 2460   658 1408 2460
aa	 856 1540 2690   680 1503 2520
E	 645 1740 2520   597 1600 2448
I	 386 2029 2605   440 1801 2502
i	 424 1960 2540   416 1960 2540
0	 688 1064 2806   672 1100 2806
V	 659 1278 2583   592 1359 2462
A:	 688 1064 2806   672 1100 2806
A@	 751 1090 2716   520 1240 1900
3:	 480 1408 2320   552 1400 2160
O:	 656 1000 2620   630  960 2700
O@	 465  840 2660   520 1160 1900
o@	 465  840 2660   520 1160 1900
O	 656 1000 2620   630  960 2700
u:	 352 1527 2256   290 1023 2220
aU	 745 1480 2400   456  920 2240
oU	 616 1220 2380   390  957 2140
aI	 848 1260 2820   440 1969 2500
eI	 608 1800 2529   408 1960 2520
OI	 545  780 2780   310 2002 2300
e@	 552 1800 2529   520 1460 1900
U@	 496 1040 2560   520 1160 1900
aI@	 860 1133 2820   640 1518 2400
aU@	 945 1485 2620   705 1342 2300
e:	 464 1980 2520   464 1980 2520
o:	 454  812 2559   432  824 2520
eU	 460 1929 2512   327  947 2367
uI	 321  965 2377   328 2160 2720
IR	 544 1340 2460   616 1190 2450
VR	 648 1180 2595   640 1140 2460
A~	 640 1120 2640   640 1120 2640
E~	 672 1660 2624   672 1660 2624
O~	 480  839 2760   480  839 2780
W~	 694 1360 2624   694 1360 2624
y:	 280 1720 2340   280 1720 2340
Y:	 448 1520 2420   463 1520 2400
W	 525 1320 2200   525 1320 2200
u-	 392 1700 2240   392 1700 2240
