@	 525 1441 2340   525 1441 2340
@-	 525 1441 2340   525 1441 2340
i:	 304 2020 2700   200 2398 2820
I@	 395 2068 2720   515 1595 2460
i@	 395 2068 2720   515 1595 2460
@2	 525 1441 2340   525 1441 2340
I2	 312 2213 2775   312 2213 2775
@5	 525 1441 2340   525 1441 2340
U	 445  902 2620   445  902 2620
@L	 485  891 2780   450  792 2980
a	 841 1409 2550   841 1409 2550
a2	 658 1408 2460   658 1408 2460
E	 589 1791 2529   589 1791 2529
I	 312 2213 2775   312 2213 2775
i	 280 2280 2820   200 2398 2820
0	 630  924 2627   630  924 2627
V	 477  968 2620   477  968 2620
A:	 915 1243 2620   895 1244 2460
aa	 841 1409 2550   841 1409 2550
3:	 448 1520 2420   463 1520 2400
O:	 512  860 2648   512  860 2648
O@	 454  812 2559   432  824 2520
O	 454  812 2559   432  824 2520
u:	 525 1441 2340   340  990 2360
aU	 660 1562 2360   340  990 2360
oU	 605 1200 2620   390  957 2140
aI	 584  940 2820   352 1920 2480
eI	 649 1485 2430   355 2222 2720
OI	 469  864 2440   310 2040 2440
e@	 480 1408 2320   545 1419 2320
U@	 430  960 2340   590 1287 2260
aI@	 860 1133 2820   640 1518 2400
aU@	 945 1485 2620   705 1342 2300
E:	 735 1760 2420   735 1562 2520
e:	 464 1980 2520   464 1980 2520
o:	 454  812 2559   432  824 2520
eU	 645 1705 2520   390  957 2140
uI	 352 1020 2240   343 1911 2586
a~	 856 1080 3240   856 1080 3240
E~	 925 1342 2700   925 1342 2700
O~	 672  933 2624   688  940 2620
W~	 640 1480 2540   640 1480 2540
y:	 280 1720 2340   280 1720 2340
y	 280 1720 2340   280 1720 2340
Y:	 448 1520 2420   463 1520 2400
W	 416 1580 2160   416 1580 2160
u-	 352 1674 2372   336 1674 2372
o-	 521 1160 2600   520 1184 2540
i"	 302 2113 2597   312 2092 2620
