@	 0 525 1441 2340   525 1441 2340
@-	 0 525 1441 2340   525 1441 2340
a	 0 736 1540 2500   752 1540 2500
e	 0 504 1900 2544   496 1920 2552
i	 0 280 2280 2840   240 2339 2840
o	 0 488  900 2520   488  920 2520
u	 0 320  820 2360   320  820 2360
m-	 1 512 1300 2340   472 1100 2130
m-	 0 512 1300 2340   370 1040 2300
n-	 1 496 1512 2380   480 1500 2540
n-	 0 496 1512 2380   380 1780 2540
N-	 0 504 1824 2548   490 2100 2540
r-	 0 648 1200 2300   640 1200 2260
l-	 0 352 1240 3020   352 1200 3020
A	 0 656 1000 2620   630  960 2700
eI	 0 547 1855 2536   320 2300 2740
oU	 0 496  900 2520   360  800 2140
