@	 525 1441 2340   525 1441 2340
@-	 525 1441 2340   525 1441 2340
i	 296 2220 2820   200 2398 2820
e	 464 1980 2520   464 1980 2520
&	 744 1540 2500   736 1580 2500
a	 688 1064 2806   672 1100 2806
a2	 744 1120 2820   728 1140 2820
o	 512  860 2648   512  860 2648
Y	 448 1520 2420   463 1520 2400
u	 320  900 2360   320  900 2360
u1	 344  800 2360   344  800 2360
y	 280 1720 2340   280 1720 2340
y4	 324 1800 2350   324 1800 2350
ai	 768 1140 2820   440 1969 2500
&i	 744 1540 2500   355 2222 2720
oi	 545  780 2780   310 2002 2300
ei	 547 1855 2536   355 2222 2720
Yi	 448 1520 2420   355 2222 2720
ui	 321  965 2377   328 2160 2720
yi	 280 1720 2340   355 2222 2720
au	 688 1060 2580   368  900 2540
ou	 512  860 2648   360  880 2540
eu	 460 1929 2512   327  947 2367
iu	 296 2180 2820   320  920 2360
&y	 744 1520 2500   280 1720 2340
ey	 547 1855 2536   280 1720 2340
Yy	 448 1520 2420   280 1720 2340
iy	 280 2280 2820   280 1720 2340
uo	 344  896 2375   494  864 2468
ie	 280 2280 2820   735 1562 2520
yY	 280 1720 2340   448 1520 2420
