@	 525 1441 2340   525 1441 2340
@-	 525 1441 2340   525 1441 2340
a	 925 1320 2700   896 1340 2660
a/	 760 1420 2600   736 1380 2540
e	 464 1980 2520   464 1980 2520
E	 645 1705 2520   645 1705 2520
i	 280 2280 2820   200 2398 2820
o	 454  812 2559   432  824 2520
O	 670  946 2620   630  902 2700
U	 400  940 2340   394  980 2360
u	 320  900 2360   320  900 2360
y	 272 1800 2280   272 1780 2260
Y	 448 1520 2420   463 1520 2400
W	 525 1320 2200   525 1320 2200
A~	 592 1000 2640   592 1000 2640
E~	 672 1660 2624   672 1660 2624
O~	 512  880 2624   512  880 2620
W~	 694 1360 2624   694 1360 2624
w^i	 280 1832 2436   200 2398 2820
