@	 500 1412 2320   500 1412 2340
@-	 525 1441 2340   525 1441 2340
a	 925 1342 2700   925 1342 2700
e	 464 1980 2520   464 1980 2520
E	 584 1820 2560   584 1820 2560
i	 280 2280 2820   200 2398 2820
o	 464  820 2559   440  820 2600
O	 480  800 2700   480  800 2700
u	 320  740 2400   320  740 2400
y	 272 1820 2280   272 1800 2260
Y	 448 1520 2420   463 1520 2400
W	 525 1320 2200   525 1320 2200
w^i	 280 1832 2436   200 2398 2820
A~	 600 1060 2640   600 1060 2640
E~	 672 1660 2624   672 1660 2624
O~	 381  700 2960   381  700 2960
W~	 694 1360 2624   694 1360 2624
I	 384 2030 2610   384 2030 2610
U	 368  880 2440   368  900 2440
y"	 353 1860 2438   353 1860 2438
E:	 863 1474 2664   545 1864 2518
A	 688 1064 2806   672 1100 2806
