@	 0 525 1441 2340   525 1441 2340
a	 0 841 1409 2550   841 1409 2550
a#	 0 658 1408 2460   658 1408 2460
E	 0 584 1820 2560   584 1820 2560
E#	 0 525 1441 2340   525 1441 2340
I	 0 408 1940 2600   408 1940 2600
I#	 0 525 1441 2340   525 1441 2340
O	 0 584  940 2580   584  940 2580
O#	 0 525 1441 2340   525 1441 2340
U	 0 445  902 2620   445  902 2620
U#	 0 525 1441 2340   525 1441 2340
A:	 0 775 1067 2800   795 1122 2580
e:	 0 456 1980 2540   440 1980 2540
i:	 0 280 2280 2840   240 2339 2840
o:	 0 454  812 2559   432  824 2520
u:	 0 320  740 2400   320  740 2400
@I	 0 536 1420 2420   355 2222 2720
@U	 0 584 1400 2460   348  800 2294
i@	 0 320 2220 2800   528 1520 2360
u@	 0 320  860 2360   520 1382 2342
