@	 544 1220 2460   544 1220 2460
@-	 525 1441 2340   525 1441 2340
r-	 456 1340 2020   456 1340 2020
V	 686 1280 2595   686 1280 2595
@2	 584 1440 2460   600 1440 2460
@3	 528 1500 2380   528 1500 2380
@4	 525 1441 2340   525 1441 2340
i:	 304 2440 3020   304 2440 3020
I	 360 2120 2680   360 2120 2660
e:	 416 2100 2640   400 2140 2640
e	 416 2100 2640   400 2140 2640
E:	 656 1740 2500   488 1900 2620
E	 589 1791 2529   589 1791 2529
E~	 670 1719 2556   710 1672 2671
&:	 744 1560 2500   736 1580 2500
a:	 712 1160 2780   696 1160 2780
a	 658 1408 2460   658 1408 2460
o:	 424  800 2559   408  780 2600
o	 454  812 2559   432  824 2520
O:	 584  940 2580   584  940 2580
o~	 456  840 2598   456  840 2598
O~	 540  896 2632   512  900 2620
O	 670  946 2620   630  902 2700
U	 368  880 2440   368  900 2440
u:	 312  760 2360   312  760 2360
u2:	 320  860 2360   320  860 2360
l-	 352 1240 3020   352 1200 3020
aI	 744 1540 2500   355 2222 2720
aU	 724 1130 2760   472  780 2500
