@	 525 1441 2340   525 1441 2340
@-	 525 1441 2340   525 1441 2340
i	 312 2300 2820   312 2300 2820
i:	 280 2280 2820   200 2398 2820
E	 645 1705 2520   645 1705 2520
e	 464 1980 2520   464 1980 2520
e:	 416 2100 2640   400 2140 2640
A	 656 1000 2620   630  960 2700
a:	 925 1320 2700   896 1340 2660
o	 488  900 2520   488  900 2520
o:	 424  800 2559   408  780 2600
u	 368  880 2440   368  900 2440
u:	 312  760 2360   312  760 2360
y	 305 1692 2340   305 1692 2340
y:	 280 1720 2340   280 1720 2340
Y	 480 1560 2420   516 1520 2340
Y:	 448 1520 2420   463 1520 2400
