@	 0 525 1441 2340   525 1441 2340
a	 0 896 1440 2710   896 1440 2710
e	 0 504 1900 2540   504 1900 2540
i	 0 280 2280 2840   240 2339 2840
o	 1 454  812 2559   432  824 2520
o	 0 512  860 2648   512  860 2648
u	 0 320  860 2360   320  860 2460
n-	 1 496 1512 2380   480 1500 2540
n-	 0 496 1512 2380   380 1780 2540
r-	 0 648 1200 2300   640 1200 2260
l-	 0 352 1240 3020   352 1200 3020
aU	 0 847 1383 2510   360  800 2360
aI	 0 912 1320 2740   360 2200 2820
eI	 0 547 1855 2536   320 2300 2740
oI	 0 520  780 2660   328 2140 2780
