@	 0 525 1441 2340   525 1441 2340
@-	 0 525 1441 2340   525 1441 2340
a	 0 904 1320 2700   896 1340 2660
e	 0 456 1980 2540   440 1980 2540
i	 0 280 2280 2840   240 2339 2840
o	 0 454  812 2559   432  824 2520
u	 0 320  820 2360   320  820 2360
E	 1 504 1700 2480   504 1700 2480
E	 0 456 1980 2540   440 1980 2540
aI	 0 912 1320 2740   360 2200 2820
&	 0 645 1705 2520   645 1705 2520
V	 0 672 1180 2595   672 1180 2595
O	 0 480  760 2710   480  760 2710
y	 0 280 1720 2340   280 1720 2340
W	 0 525 1320 2200   525 1320 2200
3	 0 658 1408 2460   658 1408 2460
