@	 0 525 1441 2340   525 1441 2340
a	 0 728 1300 2595   736 1300 2595
e	 0 456 1980 2540   440 1980 2540
i	 0 296 2220 2880   288 2260 2900
o	 0 454  812 2559   432  824 2520
u	 0 368  880 2440   368  900 2440
r-	 0 648 1200 2300   640 1200 2260
i:	 0 280 2280 2840   240 2339 2840
I	 0 360 2120 2680   360 2120 2660
e:	 0 456 1980 2540   440 1980 2540
E	 0 584 1820 2560   584 1820 2560
a:	 0 784 1180 2680   776 1200 2680
o:	 0 454  812 2559   432  824 2520
u:	 0 368  880 2440   368  900 2440
aI	 0 912 1320 2740   360 2200 2820
aU	 0 724 1130 2760   472  780 2500
