@	 0 448 1220 2260   448 1220 2260
a	 0 784 1180 2680   776 1200 2680
e	 1 720 1760 2420   672 1562 2520
e	 0 584 1820 2560   584 1820 2560
i	 0 272 2247 3100   288 2247 3100
o	 0 512  860 2648   512  860 2648
u	 0 320  860 2360   320  860 2460
l	 0 352 1240 3020   352 1200 3020
w	 0 320  860 2360   320  860 2460
A	 0 784 1180 2680   776 1200 2680
a:	 0 784 1180 2680   776 1200 2680
E	 1 720 1760 2420   672 1562 2520
E	 0 584 1820 2560   584 1820 2560
e:	 0 584 1820 2560   584 1820 2560
ee	 0 376 1980 2680   544 1800 2440
eA	 0 672 1740 2559   896 1440 2700
I	 0 272 2247 3100   288 2247 3100
i:	 0 296 2220 2880   288 2260 2900
O	 0 512  860 2648   512  860 2648
o:	 0 512  860 2648   512  860 2648
U	 0 320  860 2360   320  860 2460
u:	 0 320  740 2400   320  740 2400
W	 0 320  860 2360   320  860 2460
ai	 0 752 1140 2820   424 2000 2500
ei	 0 547 1855 2536   320 2300 2740
au	 0 688 1060 2580   368  900 2540
uo	 0 373  805 2662   640 1060 2800
oi	 0 545  780 2720   310 2002 2500
ui	 0 321  965 2377   328 2160 2720
ie	 0 280 2280 2820   584 1780 2560
aU	 0 847 1383 2510   360  800 2360
eU	 0 460 1929 2512   327  947 2367
oU	 0 496  900 2520   360  800 2140
aI	 0 912 1320 2740   360 2200 2820
eI	 0 608 1800 2529   408 1960 2600
