@	 0 448 1220 2260   448 1220 2260
a	 0 784 1180 2680   776 1200 2680
e	 0 584 1820 2560   584 1820 2560
i	 0 296 2220 2880   288 2260 2900
o	 0 512  860 2648   512  860 2648
u	 0 320  860 2360   320  860 2460
i:	 0 296 2220 2880   288 2260 2900
e:	 0 584 1820 2560   584 1820 2560
&	 0 736 1540 2500   752 1540 2500
&:	 0 736 1540 2500   752 1540 2500
a#	 0 632 1300 2600   616 1340 2600
a:	 0 784 1180 2680   776 1200 2680
o:	 0 512  860 2648   512  860 2648
u:	 0 320  860 2360   320  860 2460
ai	 0 752 1140 2820   424 2000 2500
ei	 0 547 1855 2536   320 2300 2740
au	 0 688 1060 2580   368  900 2540
uo	 0 373  805 2662   640 1060 2800
oi	 0 545  780 2720   310 2002 2500
ui	 0 321  965 2377   328 2160 2720
ie	 0 280 2280 2820   584 1780 2560
iu	 0 296 2180 2820   320  920 2360
