@	 0 584 1440 2460   600 1440 2460
a	 1 800 1320 2637   800 1320 2637
a	 0 658 1408 2460   658 1408 2460
e	 0 456 1980 2540   440 1980 2540
i	 0 296 2220 2880   288 2260 2900
o	 0 454  812 2559   432  824 2520
u	 0 320  860 2360   320  860 2460
r-	 0 648 1200 2300   640 1200 2260
V	 1 695 1316 2500   695 1316 2500
V	 1 584 1440 2460   600 1440 2460
V	 1 672 1180 2595   672 1180 2595
V	 0 695 1316 2500   695 1316 2500
i:	 0 280 2280 2840   240 2339 2840
I	 0 384 2030 2610   384 2030 2610
e:	 0 456 1980 2540   440 1980 2540
E	 0 584 1820 2560   584 1820 2560
a:	 0 834 1220 2690   834 1220 2690
o:	 0 454  812 2559   432  824 2520
u:	 0 320  860 2360   320  860 2460
aI	 0 912 1320 2740   360 2200 2820
aU	 0 724 1130 2760   472  780 2500
y	 0 407 1500 2160   392 1500 2160
