@	 525 1441 2340   525 1441 2340
@-	 525 1441 2340   525 1441 2340
i	 280 2247 3100   280 2220 3040
I	 408 1940 2540   408 1940 2540
y	 280 1720 2340   280 1720 2340
8	 525 1320 2200   525 1320 2200
u	 320  900 2360   320  900 2360
E	 647 1778 2530   647 1778 2530
E2	 645 1705 2520   645 1705 2520
W	 525 1320 2200   525 1320 2200
O	 552  860 2660   552  860 2660
a:	 925 1320 2700   896 1340 2660
A	 775 1067 2800   795 1122 2580
e:	 464 1980 2520   355 2222 2720
Y:	 448 1520 2420   280 1720 2340
o:	 516  860 2648   312  860 2360
EI	 744 1540 2500   355 2222 2720
Wy	 744 1520 2500   280 1720 2340
VU	 620 1245 2298   376  880 2280
eU	 460 1929 2512   327  947 2367
yU	 280 1720 2340   394  980 2360
