@	 456 1460 2391   456 1460 2391
@-	 525 1441 2340   525 1441 2340
@2	 584 1440 2460   600 1440 2460
I	 360 2120 2680   360 2120 2660
i:	 280 2280 2820   200 2398 2820
y	 353 1860 2438   353 1860 2438
y:	 278 2030 2490   278 2030 2490
W	 504 1340 2220   504 1340 2220
Y:	 392 1460 2180   408 1359 2201
E	 584 1820 2560   584 1820 2560
E:	 720 1760 2420   672 1562 2520
e:	 416 2140 2660   416 2140 2660
a	 760 1260 2500   760 1320 2500
a:	 760 1260 2500   760 1320 2500
A	 688 1064 2806   672 1100 2806
A:	 688 1064 2806   672 1100 2806
O	 552  860 2660   552  860 2660
o:	 424  800 2580   408  780 2600
U	 368  880 2440   368  900 2440
u:	 320  740 2400   320  740 2400
u-	 323 1520 2140   323 1520 2160
u-:	 272 1520 2100   280 1560 2120
AI	 624  980 2620   328 2127 2940
aI	 776 1340 2540   355 2222 2720
OI	 545  780 2780   310 2002 2300
u-I	 280 1720 2340   355 2222 2720
Yy	 496 1420 2180   267 2160 2772
aU	 744 1420 2500   320 1300 2338
