@	 525 1441 2340   525 1441 2340
@-	 525 1441 2340   525 1441 2340
a	 896 1440 2720   880 1440 2700
a/	 760 1420 2600   736 1380 2540
e	 464 1980 2520   464 1980 2520
E	 735 1760 2420   675 1738 2420
i	 280 2280 2820   200 2398 2820
o	 454  812 2559   432  824 2520
O	 670  946 2620   630  902 2700
U	 400  940 2340   394  980 2360
u	 312  760 2360   312  760 2360
aU	 830 1364 2440   488  900 2240
eU	 460 1929 2512   327  947 2367
iU	 280 2280 2820   328  957 2140
aI	 912 1320 2740   360 2200 2820
eI	 464 1980 2520   328 2280 2720
oI	 469  864 2440   310 2040 2440
uI	 321  965 2377   328 2160 2720
e~	 464 1940 2520   464 1940 2520
i~	 296 2280 2820   240 2398 2820
o~	 456  840 2598   456  840 2598
u~	 328  900 2360   328  900 2360
&~	 760 1420 2600   738 1360 2540
&U~	 773 1420 2600   392  520 2580
oI~	 456  840 2598   312 2040 2780
&	 760 1420 2600   736 1380 2540
&/	 760 1420 2600   736 1380 2540
i/	 280 2280 2820   200 2398 2820
EI	 755 1683 2460   355 2222 2720
OI	 670  946 2620   310 2002 2300
EU	 645 1705 2520   390  957 2140
