@	 525 1441 2340   525 1441 2340
@-	 525 1441 2340   525 1441 2340
i	 280 2280 2820   200 2398 2820
y	 340 1680 2320   340 1680 2320
E	 589 1791 2529   589 1791 2529
E:	 720 1760 2420   672 1562 2520
I	 408 1940 2540   408 1940 2540
a	 925 1320 2700   896 1340 2660
A	 775 1067 2800   795 1122 2580
V	 659 1278 2583   659 1278 2583
o	 480  760 2720   480  760 2720
u	 312  760 2360   312  760 2360
u2	 368  880 2440   368  900 2440
o2	 512  860 2648   512  860 2648
e	 464 1980 2520   464 1980 2520
&	 744 1560 2500   736 1580 2500
8	 520 1160 2500   512 1180 2500
u"	 360 1420 2260   290 1023 2220
U	 445  902 2620   445  902 2620
Y	 452 1709 2460   452 1709 2460
