@	 0 525 1441 2340   525 1441 2340
@-	 0 525 1441 2340   525 1441 2340
a	 0 896 1440 2710   896 1440 2710
e	 0 456 1980 2540   440 1980 2540
i	 0 280 2280 2840   240 2339 2840
o	 0 454  812 2559   432  824 2520
u	 0 320  740 2400   320  740 2400
m-	 1 512 1300 2340   472 1100 2130
m-	 0 512 1300 2340   370 1040 2300
n-	 1 496 1512 2380   480 1500 2540
n-	 0 496 1512 2380   380 1780 2540
N-	 0 504 1824 2548   490 2100 2540
r-	 0 648 1200 2300   640 1200 2260
l-	 0 352 1240 3020   352 1200 3020
a/	 0 760 1420 2600   736 1380 2540
E	 0 720 1760 2420   672 1562 2520
O	 0 584  940 2580   584  940 2580
U	 0 388  940 2420   394  980 2360
y	 0 280 1720 2340   280 1720 2340
Y	 0 448 1520 2420   463 1520 2400
aU	 0 847 1383 2510   360  800 2360
eU	 0 460 1929 2512   327  947 2367
iU	 0 280 2280 2820   328  957 2140
aI	 0 912 1320 2740   360 2200 2820
eI	 0 464 1980 2520   328 2280 2720
EI	 0 680 1800 2440   355 2222 2720
oI	 0 469  864 2440   310 2040 2440
uI	 0 321  965 2377   328 2160 2720
a#	 0 760 1420 2600   736 1380 2540
e#	 0 456 1980 2540   440 1980 2540
i#	 0 280 2280 2840   240 2339 2840
o#	 0 454  812 2559   432  824 2520
u#	 0 320  740 2400   320  740 2400
