@	 0 584 1440 2460   600 1440 2460
a	 0 728 1300 2595   736 1300 2595
e	 0 584 1820 2560   584 1820 2560
i	 0 296 2220 2880   288 2260 2900
o	 0 512  860 2648   512  860 2648
u	 0 320  940 2360   320  900 2360
i:	 0 280 2280 2840   240 2339 2840
e:	 0 504 1900 2540   504 1900 2540
&:	 0 680 1660 2520   680 1660 2520
a:	 0 784 1180 2680   776 1200 2680
o:	 0 512  860 2648   512  860 2648
u:	 0 320  940 2360   320  900 2360
aI	 0 904 1320 2700   304 2360 2980
aU	 0 724 1130 2760   472  780 2500
&	 0 680 1660 2520   680 1660 2520
