@	 525 1441 2340   525 1441 2340
@-	 525 1441 2340   525 1441 2340
i:	 280 2247 3100   280 2220 3040
I	 360 2120 2680   360 2120 2660
e:	 416 2100 2640   400 2140 2640
E	 647 1778 2530   647 1778 2530
E:	 720 1760 2420   672 1562 2520
E3	 680 1660 2520   680 1660 2520
E-	 600 1610 2435   600 1610 2435
y:	 280 1980 2340   280 1980 2340
y	 384 1920 2480   384 1920 2440
u-	 360 1540 2220   360 1560 2280
Y:	 480 1560 2420   516 1520 2340
W	 587 1480 2560   587 1500 2560
8	 496 1040 2560   496 1040 2560
a	 834 1220 2690   834 1220 2690
&	 744 1560 2500   736 1580 2500
A:	 664 1000 2731   664 1020 2731
O	 552  860 2660   552  860 2660
o:	 454  812 2559   432  824 2520
U	 368  800 2660   368  800 2660
u:	 312  760 2360   312  760 2360
