@	 0 525 1441 2340   525 1441 2340
a	 0 728 1300 2595   736 1300 2595
e	 0 504 1900 2544   496 1920 2552
i	 0 296 2220 2880   288 2260 2900
o	 0 454  812 2559   432  824 2520
u	 0 320  940 2360   320  900 2360
V	 1 584 1440 2460   600 1440 2460
V	 0 695 1316 2500   695 1316 2500
i:	 0 280 2280 2840   240 2339 2840
e:	 0 456 1980 2540   440 1980 2540
E	 0 584 1820 2560   584 1820 2560
a:	 0 834 1220 2690   834 1220 2690
o:	 0 454  812 2559   432  824 2520
u:	 0 320  940 2360   320  900 2360
aI	 0 912 1320 2740   360 2200 2820
aU	 0 724 1130 2760   472  780 2500
