@	 1 536 1416 2320   584 1400 2000
@	 0 536 1420 2420   536 1420 2420
@-	 0 525 1441 2340   525 1441 2340
a	 0 834 1220 2690   834 1220 2690
e	 0 592 1580 2480   592 1580 2460
i	 0 384 2030 2610   384 2030 2610
o	 0 630  920 2627   616  940 2627
u	 0 360  860 2360   360  860 2360
m-	 1 512 1300 2340   472 1100 2130
m-	 0 512 1300 2340   370 1040 2300
n-	 1 496 1512 2380   480 1500 2540
n-	 0 496 1512 2380   380 1780 2540
N-	 0 504 1824 2548   490 2100 2540
l-	 0 352 1240 3020   352 1200 3020
I	 0 527 1461 2480   527 1461 2480
I2	 0 408 1920 2580   416 1900 2580
e@	 0 264 2180 3040   488 1700 2600
E	 0 646 1780 2500   646 1780 2500
A@	 0 775 1067 2800   795 1122 2580
O	 0 512  860 2648   512  860 2648
U	 0 445  902 2620   445  902 2620
